1 0 0 0
393 255 255 255
2 0 0 0
3 0 0 0
387 255 255 255
4 0 0 0
5 0 0 0
397 255 255 255
6 0 0 0
7 255 255 255
407 0 0 0
8 255 255 255
9 0 0 0
401 0 0 0
10 0 0 0
11 0 0 0
395 255 255 255
12 0 0 0
13 0 0 0
405 0 0 0
14 0 0 0
15 0 0 0
415 0 0 0
16 0 0 0
17 0 0 0
409 0 0 0
18 0 0 0
19 0 0 0
403 0 0 0
20 0 0 0
21 0 0 0
413 0 0 0
22 0 0 0
23 0 0 0
487 255 255 255
24 255 255 255
25 0 0 0
481 0 0 0
26 0 0 0
27 0 0 0
411 255 255 255
28 0 0 0
29 0 0 0
485 255 255 255
30 0 0 0
31 0 0 0
431 255 255 255
32 0 0 0
33 0 0 0
425 255 255 255
34 0 0 0
35 0 0 0
419 255 255 255
36 0 0 0
37 0 0 0
429 255 255 255
38 0 0 0
39 255 255 255
439 0 0 0
40 0 0 0
41 0 0 0
433 255 255 255
42 0 0 0
43 255 255 255
427 0 0 0
44 0 0 0
45 0 0 0
437 255 255 255
46 0 0 0
47 0 0 0
447 0 0 0
48 0 0 0
49 0 0 0
441 255 255 255
50 0 0 0
51 0 0 0
435 255 255 255
52 0 0 0
53 0 0 0
445 255 255 255
54 0 0 0
55 0 0 0
391 0 0 0
56 0 0 0
57 0 0 0
385 0 0 0
58 0 0 0
59 0 0 0
443 255 255 255
60 0 0 0
61 0 0 0
389 0 0 0
62 0 0 0
63 0 0 0
463 0 0 0
64 255 255 255
65 0 0 0
457 0 0 0
66 0 0 0
67 213 213 213
451 255 255 255
68 0 0 0
69 0 0 0
461 0 0 0
70 0 0 0
71 0 0 0
471 0 0 0
72 0 0 0
73 255 255 255
465 0 0 0
74 0 0 0
75 0 0 0
459 0 0 0
76 0 0 0
77 255 255 255
469 255 255 255
78 0 0 0
79 0 0 0
479 255 255 255
80 0 0 0
81 0 0 0
473 0 0 0
82 0 0 0
83 0 0 0
467 255 255 255
84 255 255 255
85 255 255 255
477 255 255 255
86 0 0 0
87 0 0 0
88 0 0 0
89 0 0 0
90 0 0 0
91 0 0 0
475 255 255 255
92 0 0 0
93 0 0 0
94 0 0 0
95 0 0 0
495 255 255 255
96 0 0 0
97 255 255 255
489 255 255 255
98 255 255 255
99 255 255 255
483 255 255 255
100 0 0 0
101 0 0 0
493 0 0 0
102 0 0 0
103 0 0 0
503 255 255 255
104 0 0 0
105 0 0 0
497 255 255 255
106 255 255 255
107 255 255 255
491 255 255 255
108 0 0 0
109 0 0 0
501 220 220 220
110 255 255 255
111 255 255 255
511 0 0 0
112 255 255 255
113 255 255 255
505 255 255 255
114 255 255 255
115 255 255 255
499 255 255 255
116 0 0 0
117 255 255 255
509 0 0 0
118 255 255 255
119 255 255 255
455 0 0 0
120 255 255 255
121 255 255 255
449 255 255 255
122 0 0 0
123 255 255 255
507 255 255 255
124 0 0 0
125 255 255 255
453 255 255 255
126 255 255 255
127 255 255 255
128 0 0 0
314 255 255 255
129 255 255 255
130 0 0 0
260 255 255 255
131 255 255 255
132 255 255 255
318 0 0 0
133 255 255 255
134 255 255 255
312 255 255 255
135 255 255 255
136 0 0 0
258 255 255 255
137 0 0 0
138 0 0 0
268 255 255 255
139 0 0 0
140 255 255 255
262 255 255 255
141 0 0 0
142 255 255 255
256 255 255 255
143 255 255 255
144 255 255 255
266 0 0 0
145 0 0 0
146 255 255 255
276 0 0 0
147 0 0 0
148 0 0 0
270 0 0 0
149 0 0 0
150 0 0 0
264 0 0 0
151 0 0 0
152 255 255 255
274 255 255 255
153 255 255 255
154 0 0 0
284 255 255 255
155 0 0 0
156 255 255 255
278 255 255 255
157 255 255 255
158 255 255 255
272 255 255 255
159 0 0 0
160 255 255 255
161 255 255 255
162 255 255 255
292 0 0 0
163 0 0 0
164 255 255 255
165 255 255 255
166 255 255 255
167 255 255 255
168 255 255 255
290 0 0 0
169 255 255 255
170 255 255 255
300 0 0 0
171 255 255 255
172 255 255 255
294 0 0 0
173 255 255 255
174 255 255 255
288 255 255 255
175 255 255 255
176 0 0 0
298 255 255 255
177 0 0 0
178 0 0 0
308 255 255 255
179 0 0 0
180 0 0 0
302 255 255 255
181 0 0 0
182 0 0 0
296 0 0 0
183 0 0 0
184 255 255 255
306 255 255 255
185 105 105 105
186 0 0 0
316 255 255 255
187 0 0 0
188 0 0 0
310 255 255 255
189 255 255 255
190 255 255 255
304 255 255 255
191 255 255 255
192 0 0 0
378 187 187 187
193 255 255 255
194 0 0 0
324 254 254 254
195 255 255 255
196 255 255 255
382 0 0 0
197 0 0 0
198 255 255 255
376 255 255 255
199 255 255 255
200 255 255 255
322 0 0 0
201 255 255 255
202 255 255 255
332 255 255 255
203 255 255 255
204 255 255 255
326 0 0 0
205 255 255 255
206 0 0 0
320 255 255 255
207 0 0 0
208 255 255 255
330 0 0 0
209 255 255 255
210 255 255 255
549 255 255 255
340 255 255 255
211 0 0 0
212 254 254 254
334 255 255 255
213 255 255 255
214 0 0 0
328 0 0 0
215 0 0 0
216 255 255 255
338 255 255 255
217 0 0 0
218 255 255 255
557 255 255 255
348 0 0 0
219 255 255 255
220 255 255 255
342 255 255 255
221 255 255 255
222 255 255 255
545 255 255 255
336 255 255 255
223 255 255 255
224 255 255 255
282 255 255 255
225 255 255 255
226 255 255 255
356 0 0 0
227 255 255 255
228 255 255 255
286 255 255 255
229 255 255 255
230 255 255 255
280 255 255 255
231 255 255 255
232 255 255 255
354 0 0 0
233 255 255 255
234 255 255 255
364 255 255 255
235 255 255 255
236 255 255 255
358 0 0 0
237 255 255 255
238 0 0 0
352 0 0 0
239 0 0 0
240 0 0 0
362 255 255 255
241 0 0 0
242 0 0 0
372 255 255 255
243 255 255 255
244 0 0 0
366 255 255 255
245 0 0 0
246 0 0 0
360 255 255 255
247 0 0 0
248 255 255 255
370 255 255 255
249 255 255 255
250 0 0 0
380 234 234 234
251 255 255 255
252 0 0 0
374 255 255 255
253 255 255 255
254 0 0 0
368 255 255 255
255 0 0 0
257 255 255 255
259 255 255 255
261 255 255 255
263 255 255 255
265 255 255 255
267 255 255 255
269 255 255 255
271 0 0 0
273 255 255 255
275 255 255 255
277 0 0 0
279 255 255 255
281 255 255 255
283 255 255 255
285 255 255 255
287 255 255 255
592 0 0 0
289 255 255 255
291 243 243 243
596 0 0 0
293 0 0 0
295 0 0 0
600 0 0 0
297 0 0 0
299 255 255 255
301 0 0 0
303 255 255 255
305 255 255 255
307 255 255 255
309 255 255 255
311 255 255 255
313 255 255 255
315 255 255 255
317 0 0 0
319 0 0 0
321 0 0 0
323 0 0 0
325 0 0 0
327 0 0 0
329 0 0 0
331 255 255 255
333 255 255 255
335 255 255 255
337 255 255 255
339 255 255 255
341 255 255 255
343 255 255 255
553 255 255 255
344 255 255 255
345 0 0 0
346 0 0 0
347 0 0 0
349 0 0 0
350 0 0 0
351 0 0 0
353 0 0 0
355 0 0 0
357 0 0 0
359 255 255 255
361 255 255 255
363 255 255 255
365 255 255 255
367 255 255 255
369 255 255 255
371 255 255 255
373 255 255 255
375 255 255 255
377 255 255 255
379 0 0 0
381 255 255 255
383 0 0 0
529 0 0 0
384 255 255 255
386 0 0 0
533 0 0 0
388 255 255 255
390 255 255 255
537 0 0 0
392 255 255 255
394 255 255 255
541 0 0 0
396 255 255 255
398 255 255 255
399 255 255 255
400 0 0 0
402 0 0 0
404 0 0 0
406 0 0 0
408 0 0 0
410 255 255 255
412 255 255 255
414 0 0 0
561 0 0 0
416 254 254 254
417 242 242 242
418 255 255 255
565 0 0 0
420 255 255 255
421 255 255 255
422 255 255 255
423 255 255 255
569 0 0 0
424 255 255 255
426 255 255 255
573 255 255 255
428 0 0 0
430 255 255 255
513 0 0 0
432 255 255 255
434 255 255 255
517 0 0 0
436 255 255 255
438 0 0 0
521 0 0 0
440 0 0 0
442 255 255 255
525 0 0 0
444 255 255 255
446 0 0 0
593 255 255 255
448 255 255 255
450 255 255 255
597 255 255 255
452 255 255 255
454 255 255 255
456 233 233 233
458 0 0 0
460 0 0 0
462 0 0 0
464 0 0 0
466 255 255 255
468 255 255 255
470 0 0 0
472 0 0 0
474 255 255 255
476 255 255 255
478 255 255 255
480 255 255 255
482 0 0 0
484 0 0 0
486 0 0 0
488 0 0 0
490 255 255 255
492 255 255 255
494 0 0 0
577 0 0 0
496 255 255 255
498 255 255 255
581 0 0 0
500 255 255 255
502 0 0 0
585 0 0 0
504 0 0 0
506 255 255 255
589 0 0 0
508 254 254 254
510 0 0 0
512 0 0 0
514 0 0 0
515 255 255 255
516 255 255 255
518 255 255 255
519 0 0 0
520 0 0 0
522 0 0 0
523 0 0 0
524 0 0 0
526 0 0 0
527 0 0 0
528 0 0 0
530 0 0 0
531 255 255 255
532 255 255 255
534 0 0 0
535 0 0 0
536 0 0 0
538 0 0 0
539 0 0 0
540 0 0 0
542 255 255 255
543 254 254 254
544 255 255 255
546 255 255 255
547 255 255 255
548 255 255 255
550 255 255 255
551 0 0 0
552 255 255 255
554 255 255 255
555 255 255 255
556 0 0 0
558 0 0 0
559 0 0 0
560 0 0 0
562 0 0 0
563 0 0 0
564 0 0 0
566 0 0 0
567 0 0 0
568 0 0 0
570 255 255 255
571 255 255 255
572 0 0 0
574 255 255 255
575 0 0 0
576 0 0 0
578 0 0 0
579 0 0 0
580 0 0 0
582 0 0 0
583 0 0 0
584 0 0 0
586 0 0 0
587 0 0 0
588 0 0 0
590 0 0 0
591 0 0 0
594 0 0 0
595 0 0 0
598 0 0 0
599 178 178 178
