1 1 1
1 1.00995 16.25
-6 5.89731 93.4669
15.201 18.8905 70.4478
15.0719 29.8178 93.2142
15.25 65.6492 102.754
15.1582 76.5638 94.7054
15.1274 57.5225 70.1478
15.25 34.2103 142.099
15.193 83.4809 100.49
15.25 56.8643 76.4949
15.25 68.9741 76.2768
19.354 39.8332 142.25
15.25 67.9267 142.25
15.2465 65.2317 93.091
15.0583 98.07 142.25
15.25 29.0528 70.5009
15.25 71.7886 142.25
15.25 80.4264 100.34
15.25 99.7597 141.913
15.1525 86.8654 142.25
15.25 109.448 142.25
15.1696 53.5549 142.25
15.25 72.4812 93.2928
15.2067 70.1321 93.4342
15.0901 18.5803 70.6824
15.1683 81.1532 142.201
15.1031 93.5252 142.25
15.1055 55.9776 142.25
15.25 92.6501 142.111
15.25 52.4837 142.223
15.149 107.36 142.245
15.2406 74.3619 142.161
15.1523 99.6307 142.25
15.25 101.129 142.25
15.2062 84.8008 142.25
15.25 70.7184 142.25
15.136 125.908 142.25
15.0703 66.8025 142.237
15.0864 38.307 70.5768
15.2158 130.296 142.203
15.25 106.567 142.167
15.214 97.7635 142.25
15.2116 93.3491 142.117
15.0603 46.3873 70.4911
15.0574 60.1431 142.179
15.0648 65.6236 142.25
15.1601 87.6066 142.097
15.1557 94.9527 142.25
15.11 57.6219 142.161
15.2075 112.649 142.25
15.25 103.585 142.156
15.2372 112.266 142.25
15.2409 51.1258 70.2285
15.1348 108.065 142.25
15.1748 49.1729 70.2383
15.0885 111.177 142.25
15.2232 111.623 142.112
15.1992 95.7349 142.25
15.25 83.9879 142.25
15.1544 68.3482 142.093
15.25 40.8328 70.4023
15.0894 69.6854 142.25
15.1766 126.752 142.25
15.25 99.3298 142.25
15.2177 62.6892 93.0525
15.1536 88.8651 142.093
15.25 60.5111 142.217
15.1383 68.1532 142.25
15.1932 56.6004 92.7776
15.1926 100.177 142.125
15.1817 94.0767 142.181
15.0665 47.868 64.9393
15.1213 67.3748 142.208
15.1591 104.55 142.13
15.1507 57.9773 142.25
15.1701 56.314 70.2667
15.1328 100.928 142.186
15.2099 119.856 142.25
15.101 109.192 142.25
15.25 87.4448 142.25
15.25 117.897 142.25
15.1128 111.479 142.173
15.25 47.4301 93.1212
15.1803 56.2922 142.161
15.1985 104.343 142.25
15.0693 52.6685 70.5246
15.2267 65.7271 142.211
15.25 69.0995 142.142
15.1242 39.3195 81.3952
15.0524 127.634 142.093
15.0637 79.784 142.185
15.25 89.8411 142.154
15.16 124.506 142.11
15.2447 116.413 142.25
15.0563 115.107 142.25
15.2339 80.6323 142.25
15.1976 74.6547 142.171
15.25 74.0903 93.0002
15.1364 72.1681 142.195
15.25 91.7548 142.118
15.0905 81.4082 142.243
15.1006 59.956 92.9908
15.1038 78.949 142.24
15.1903 43.7029 70.4217
15.1757 89.2925 142.172
15.1826 48.4756 70.175
15.1113 84.0131 142.25
15.0556 63.1833 142.107
15.0802 58.7741 142.149
15.1007 55.9784 70.3504
15.1099 71.5331 142.073
15.1008 115.453 142.25
15.07 74.8017 142.243
-6 63.7864 142.25
15.25 101.21 142.25
10.25 87.0745 173.972
10.073 47.3095 142.25
10.0625 123.057 173.985
10.2237 46.3072 126.163
-6.22472 54.7564 308.771
-7.25941 78.3869 232.285
-7.30461 48.6948 310.876
-6.35972 64.5236 308.953
-7.16071 80.7404 236.871
-7.29098 65.8041 296.114
-6.2829 95.6556 236.98
0.745991 59.2458 310.701
0.649881 94.3719 308.91
15.1608 112.794 310.256
15.1167 106.587 309.987
15.106 106.752 238.739
15.1087 99.7012 238.823
15.1549 86.9756 232.549
15.092 71.2472 307.812
4.64291 102.009 309.732
-7.34082 77.473 238.703
-7.31103 85.5972 239.895
-7.26547 59.9097 309.631
1.04548 75.4131 310.496
1.76328 84.4029 311.453
12.8911 119.148 269.103
15.0926 94.9556 294.197
15.25 120.48 239.459
15.1703 105.218 238.841
15.25 117.725 309.795
15.1252 141.245 292.885
15.25 149.167 309.565
15.1324 133.125 309.984
15.0704 96.2672 238.9
15.0827 219.221 238.452
1.70244 98.8368 310.973
15.25 153.726 309.905
0.908907 136.612 238.917
18.3834 197.307 309.839
15.1963 186.621 309.571
15.2481 119.523 309.796
0.632656 131.511 309.708
15.0728 142.688 308.251
15.1487 93.9612 309.956
0.630497 121.994 309.825
15.0766 80.4852 238.992
15.25 157.4 309.347
15.1662 127.533 308.852
13.9696 122.496 238.763
14.1069 155.426 238.679
15.0699 112.105 238.709
15.1539 142.614 309.408
15.1234 154.302 309.098
15.1213 139.567 308.553
15.25 165.592 307.634
15.1112 152.402 238.666
15.25 114.059 308.259
15.25 143.802 309.61
0.639971 107.958 309.506
0.662815 77.5578 309.76
0.684664 94.6225 239.009
0.664747 81.8836 240.009
0.712917 127.253 309.723
0.645445 138.019 308.754
0.684406 92.8485 238.952
0.724636 106.129 238.728
15.1146 157.394 307.648
15.0548 165.229 238.829
2.64256 105.544 309.412
15.0894 148.333 310.335
15.1878 139.879 272.156
15.2251 109.294 309.426
15.25 93.594 238.785
15.247 75.4092 239.001
0.663591 99.9973 238.793
15.0865 130.873 239.006
15.25 123.383 309.346
15.2487 147.554 310.616
15.1377 88.4867 310.524
15.25 127.009 308.645
15.1754 156.261 272.643
0.627352 183.909 238.845
15.2291 124.404 239.017
15.0557 197.761 308.949
0.887074 153.839 309.748
0.626751 144.697 293.972
0.634554 104.09 309.205
0.693312 110.815 308.729
0.718283 152.946 309.529
0.629049 117.39 307.767
0.725836 84.8248 310.529
15.25 106.596 308.469
23.4577 101.353 310.518
-0.315027 121.818 340.082
23.7318 142.369 310.661
0.642677 135.095 308.562
18.1283 77.0805 309.968
0.667995 109.164 310.654
0.74836 114.843 310.84
0.761147 125.65 309.633
0.696699 150.305 308.974
15.08 154.556 309.963
18.8393 187.652 309.478
25.0913 160.918 309.125
23.7063 205.004 308.899
62.0772 179.715 309.015
62.4515 209.252 328.614
53.25 153.303 339.25
18.551 196.551 309.335
22.792 117.054 308.992
62.3664 136.961 308.271
21.4088 198.751 308.919
61.2081 173.2 308.689
62.3723 182.878 308.024
61.8138 224.872 308.853
2.79435 170.313 308.909
17.0225 215.772 309.022
18.0864 182.26 307.751
2.85838 213.631 308.191
176.137 255.611 343.629
-6.37387 95.9824 308.125
-6.29148 189.505 308.345
62.3521 221.986 308.777
62.5154 69.4178 237.896
2.65286 91.7214 308.928
2.6543 100.999 309.53
13.6566 94.4071 307.703
12.8799 122.555 308.397
13.6723 89.5388 308.835
-6.17879 126.052 309.084
2.83795 120.34 328.734
2.67675 202.444 309.467
2.71292 128.401 308.64
12.2269 227.18 309.286
12.5744 154.589 309.772
0.977415 146.477 339.163
12.0479 144.676 308.906
18.3942 127.753 309.4
17.8219 109.801 309.6
13.6583 97.8639 340.25
4.63121 124.97 308.763
13.113 99.2393 309.686
