-6 0.93 1
1 1.01837 16.25
-7 5.51926 142.25
-7 15.5731 142.198
-7 22.3413 142.25
-6 41.8178 142.225
-7 92.4541 143.119
-6.32762 65.2607 142.234
-6 73.1387 142.25
15.25 109.207 142.25
-6 66.0348 142.163
-7 46.9409 142.115
-7 98.9143 142.247
-7 66.8713 142.23
-7 72.936 172.712
-6 68.9017 142.25
-7 101.025 142.25
-7 86.5376 142.24
15.25 97.0568 142.25
15.055 63.426 142.25
15.1236 104.678 213.408
15.0753 88.0944 171.685
-7 51.9047 142.25
15.2152 109.652 142.25
-80.9007 89.335 142.25
-100.75 9.61952 70.0827
-95.8333 46.7004 70.25
-95.8521 49.9255 75.2058
-100.934 48.1698 75.25
-100.757 37.5398 70.25
-95.9361 52.2058 70.25
11.25 38.0538 70.25
11.1299 56.0759 70.25
11.25 61.3732 72.0643
11.1609 51.35 70.25
11.0737 45.2752 70.2421
11.0529 50.1128 70.1788
11.2234 53.5343 70.25
11.1292 47.8133 70.25
11.1141 56.592 70.25
11.1176 47.0046 70.25
11.25 39.24 70.25
11.0943 52.5134 70.25
11.0539 44.1253 70.2419
11.0987 57.172 72.25
11.0715 43.1225 70.2101
11.068 45.485 70.25
11.25 48.6614 70.2059
11.1939 47.8139 70.25
11.0689 51.5021 70.1575
11.0952 47.6442 70.25
11.1862 56.0921 70.25
11.25 64.961 70.25
11.25 53.3155 70.25
11.1246 42.3332 70.25
11.1262 49.0376 70.25
11.161 32.1356 70.25
11.1258 51.1665 70.2142
11.2082 48.8226 70.25
11.0552 46.026 70.1634
11.164 55.5797 70.25
11.1988 50.4543 70.25
11.1717 40.7197 70.25
11.25 53.0774 70.25
11.1407 48.6169 70.25
11.1111 49.2111 70.25
11.1619 39.0458 70.25
11.1272 43.1044 70.25
11.1571 52.7147 70.25
11.2229 48.0598 70.25
11.2426 51.0657 70.25
11.0686 49.7177 70.25
11.1306 47.0687 72.2183
11.1324 41.6338 70.25
11.25 46.813 70.1907
11.1769 55.8654 70.25
11.0598 24.0653 70.1452
11.1533 46.2564 70.1781
11.0734 46.6965 70.25
11.062 58.9164 70.25
11.0793 49.0658 70.25
11.11 45.8175 70.1991
11.1981 45.2535 70.25
11.0753 56.4375 85.6745
11.2026 44.321 70.25
11.0759 65.6535 85.8571
11.2232 37.9387 70.25
11.25 51.7602 70.25
11.0755 52.4644 70.25
11.0563 42.009 70.2107
11.1821 42.5855 70.1703
11.2069 46.7493 70.25
11.2034 32.696 75.25
11.0546 44.9425 100.988
11.25 28.9211 80.6197
-100.822 37.2389 70.25
11.1014 32.5578 70.25
-39 43.5033 80.9077
-39 40.854 101.169
-100.819 17.2662 70.2378
11.1728 41.0344 70.1735
11.25 39.086 70.25
11.1932 49.2759 111.419
11.0954 42.8222 75.25
-39 45.8748 70.25
-39 36.7886 70.25
-39 45.0181 70.25
-39 46.3211 70.2238
-34 44.4911 75.2446
-95.811 36.0113 70.25
-43.3689 27.5641 70.25
-110.75 55.8536 80.7881
-24.8629 49.3729 80.8336
-110.934 52.8551 75.25
-100.865 29.7434 70.25
-120.899 16.0349 70.2417
-95.8968 44.1059 96.4613
-100.75 45.4629 101.694
-110.889 33.6978 101.68
-107.75 36.4744 96.2874
-110.799 30.0826 96.2543
-105.929 36.1073 101.404
-100.9 29.9602 113.982
-110.851 33.8543 131.959
-105.83 42.6677 137.357
-107.75 23.84 104.648
-115.75 18.6566 104.41
-110.848 14.5821 109.009
-115.846 16.1177 109.41
-110.75 34.9513 111.573
-100.75 57.0261 137.127
-110.927 22.7531 136.241
-115.75 54.2952 137.11
-120.765 14.2254 141.734
-120.832 53.1496 131.266
-110.935 32.3862 137.068
-110.949 17.4774 149.574
-110.877 45.4863 111.586
-100.926 25.3036 142.226
-100.838 35.3961 154.665
-115.75 13.9035 149.111
-100.922 52.9921 154.378
-95.8005 52.6826 149.483
-110.75 32.8232 109.363
-110.75 32.466 142.309
-105.75 64.6865 109.262
-100.947 25.287 104.442
-105.948 55.2733 154.293
-100.948 45.8765 154.445
-100.918 37.3492 107.683
-100.75 36.619 111.115
-97.7623 40.7841 114.21
-100.84 64.4317 154.475
-112.75 32.0748 104.523
-90.8808 -43.4721 104.383
-110.861 36.9301 154.191
-100.829 34.4607 109.483
-92.9276 41.2109 109.322
-115.75 59.1121 154.59
-100.761 63.2064 142.413
-105.757 38.8673 109.474
-110.863 35.8856 136.989
-105.823 60.9319 111.313
-105.914 58.4272 111.69
-95.75 50.3066 159.277
-105.928 28.9297 154.362
-100.917 55.0227 154.73
-90.9491 34.4204 111.74
-100.887 77.4304 159.304
-95.8688 42.0334 164.331
-100.919 57.1156 154.343
-110.765 46.3189 147.367
-100.75 26.5976 142.493
-95.9264 26.9607 159.591
-95.9184 12.7885 111.885
-90.8284 41.863 111.764
-100.848 28.6903 159.359
-100.945 47.4481 111.997
-100.92 54.4523 159.201
-95.8967 56.2565 154.53
-105.829 23.7954 154.558
-100.83 13.6679 114.498
-95.9479 52.5136 109.297
-95.888 31.653 109.082
-90.75 47.9073 112.427
-100.792 41.2214 147.287
-100.939 43.863 159.267
-90.9155 47.3439 154.234
-90.75 58.7311 154.254
-100.775 63.0603 159.789
-95.7874 54.3981 111.779
-95.75 61.918 154.37
11.1432 28.6187 159.275
-95.909 63.2573 159.251
-95.75 48.6257 111.755
-90.75 53.9431 159.315
-90.75 38.8905 159.243
-95.9362 59.2374 159.429
-100.75 47.3251 114.363
-100.83 48.5408 159.236
-100.75 46.6687 111.583
-95.8879 49.6231 157.003
-95.7626 54.1305 153.969
-90.75 45.9726 107.246
-95.75 37.2693 159.261
-90.75 36.1235 111.885
